Job started at: Sun Dec  7 03:32:07 PM UTC 2025
Node: node05
------------------------------------------------------------------
>>> Running Extra: Triton Flash Attention V2
pass all unit test
-----------------------------------------
flash-attention-performance:
    seq_len      d=64      d=128      d=256
0       4.0  0.011399   0.017454   0.032043
1       8.0  0.011634   0.012722   0.020750
2      16.0  0.006951   0.010069   0.021729
3      32.0  0.011711   0.017884   0.034543
4      64.0  0.017654   0.029598   0.059952
5     128.0  0.031294   0.055315   0.109797
6     256.0  0.060739   0.106963   0.211484
7     512.0  0.115691   0.209919   0.415403
8    1024.0  0.375608   0.721629   1.445354
9    2048.0  1.427064   2.773705   5.761058
10   4096.0  5.667117  11.007256  22.833240
pytorch-attention-performance:
    seq_len      d=64     d=128     d=256
0       4.0  0.009170  0.012264  0.012676
1       8.0  0.010175  0.013302  0.014033
2      16.0  0.010188  0.013593  0.014639
3      32.0  0.014107  0.015656  0.017678
4      64.0  0.014205  0.015835  0.019449
5     128.0  0.017986  0.018212  0.021186
6     256.0  0.020699  0.024024  0.038657
7     512.0  0.033635  0.043476  0.065718
8    1024.0  0.102263  0.151054  0.226629
9    2048.0  0.390910  0.544688  0.893294
10   4096.0  1.545479  2.196522  3.629039
------------------------------------------------------------------

Job finished at: Sun Dec  7 03:32:25 PM UTC 2025
